1 1 1 0 0 0
0 1 0 0 0 0
1 1 1 0 0 0
0 0 2 4 4 0
0 0 0 2 0 0
0 0 1 2 4 0

1 1 1   1 1 0   1 0 0   0 0 0
  1       0       0       0
1 1 1   1 1 0   1 0 0   0 0 0

0 1 0   1 0 0   0 0 0   0 0 0
  1       1       0       0
0 0 2   0 2 4   2 4 4   4 4 0

1 1 1   1 1 0   1 0 0   0 0 0
  0       2       4       4
0 0 0   0 0 2   0 2 0   2 0 0

0 0 2   0 2 4   2 4 4   4 4 0
  0       0       2       0
0 0 1   0 1 2   1 2 4   2 4 0


0 -4 -6     -4 -6 0     -6 0 -7     0 -7 -6
-1 -2 -6    -2 -6 -8    -6 -8 -3    -8 -3 -1
-8 -4 -2    -4 -2 -8    -2 -8 -8    -8 -8 -6



0 -4 -6
  -2
-8 -4 -2        -26

-4 -6 0
    -6
-4 -2 -8

-6 0 -7
    -8
-2 -8 -8

0 -7 -6
    -3
-8 -8 -6